20790
13811
30561
5676
6256
5942
31400
8733
7129
10539
4945
26864
16345
12159
17074
31777
22966
15702
17646
16226
1645
31998
11154
20223
359
1412
8741
3220
7235
19472
21964
5317
7815
9155
26420
2447
25652
6733
31569
13263
21399
26156
24418
30657
27601
12484
11871
22770
12959
28095
21083
1025
30678
7901
31006
10071
11925
726
24453
22308
32652
21943
1631
23553
5009
28756
2054
8613
8031
28488
19183
30723
3412
32149
1255
9307
8248
15250
14853
22018
21712
22461
856
7467
20153
25982
6638
19291
8786
9991
28312
27926
27888
23143
17391
1414
11132
8355
1686
18566
